0
1.0
0.0
1.0
0.0
1.0
0.0
1.0
0.0
1.0
0.03
1.001324788464427
0.00789645743291556
1.000093047386783
0.0005580247182622733
1.0000004669138332
2.80147645892459e-06
1.0000000000117724
7.063416518349186e-11
1.0
-0.06
1.0056464910516791
0.03295110314904748
1.001595483812669
0.009497196146819542
1.000134456677226
0.0008061981037704724
1.0000009744100309
5.846431701206356e-06
1.000000000051271
5
3.397260273972603
2.34238034086545
1.639260156739771
1.1234727115705043
0.4679765308443943
1.3365841621883319
0.8261964244427682
-18.243653950302097
-12.188853492238934
-8.167037378131273
-5.509756126887985
-3.7781006569212714
-2.6911271985959297
-2.077367211324725
-1.8206564509220133
-1.771089178948215
-1.7692946683920316
-1.7692923542424772
